Fitness: 2 Params: [1.2013474506669508, 1.599864285241207, 20, 25, 23, 16, 1, 17]
Fitness: 0 Params: [2.6781264166785492, 2.0117582809407675, 20, 8, 10, 16, 4, 20]
Fitness: 2 Params: [2.3404603955713403, 2.0773916973201993, 21, 25, 10, 16, 10, 3]
Fitness: 0 Params: [1.6450858313511867, 1.4787405499292925, 13, 7, 27, 24, 9, 4]
Fitness: -2 Params: [2.3733270198818968, 1.4436911762026536, 21, 11, 27, 16, 1, 10]
Fitness: 0 Params: [1.5764633141395734, 1.0182318103119543, 11, 14, 20, 15, 8, 2]
Fitness: 2 Params: [2.1757292689019296, 2.5214136110426457, 15, 9, 29, 28, 1, 11]
Fitness: 0 Params: [2.654910880975386, 2.2240423652113477, 15, 25, 26, 15, 9, 16]
Fitness: -2 Params: [2.9602564038638137, 1.2156091959262298, 18, 8, 27, 18, 1, 6]
Fitness: 0 Params: [2.6938569639431087, 1.2390470412124992, 20, 17, 18, 28, 9, 3]
Fitness: 2 Params: [1.7882712821646762, 2.0117582809407675, 20, 8, 14, 12, 7, 10]
Fitness: 2 Params: [2.1757292689019296, 2.5214136110426457, 15, 9, 29, 28, 1, 11]
Fitness: 2 Params: [2.1208460053069134, 2.88169367237323, 15, 9, 29, 27, 1, 6]
Fitness: 0 Params: [2.6938569639431087, 1.2390470412124992, 29, 18, 18, 28, 0, 18]
Fitness: 2 Params: [2.5148664405748784, 2.1774424846886324, 28, 9, 10, 13, 2, 10]
Fitness: 2 Params: [2.1757292689019296, 2.5214136110426457, 15, 9, 29, 28, 1, 11]
Fitness: 0 Params: [2.92507266811657, 1.7922712549785142, 28, 10, 10, 25, 2, 10]
Fitness: -2 Params: [1.3897273536393584, 1.376342878234519, 25, 10, 20, 28, 0, 6]
Fitness: 2 Params: [2.3955049143181237, 2.231580693878958, 27, 12, 23, 15, 8, 13]
Fitness: 2 Params: [2.4757206550285473, 2.1774424846886324, 15, 9, 20, 25, 3, 5]
Fitness: 0 Params: [1.0684711806459297, 2.557559664770355, 24, 15, 16, 18, 7, 10]
Fitness: 0 Params: [1.643348473130028, 2.7494423699506423, 29, 6, 18, 12, 5, 15]
Fitness: 2 Params: [1.2666479097416496, 1.7215641532642478, 10, 12, 26, 13, 0, 6]
Fitness: 0 Params: [1.8121153745983598, 1.0836203041834747, 21, 12, 12, 21, 2, 16]
Fitness: 2 Params: [1.7761781726169028, 2.4831404829394126, 21, 18, 28, 25, 5, 4]
Fitness: 0 Params: [1.6024353922767636, 2.3203776439619013, 15, 15, 13, 19, 0, 15]
Fitness: 0 Params: [1.8555436513714947, 1.0803478662357626, 11, 15, 20, 15, 10, 4]
Fitness: 0 Params: [1.941559876069037, 2.241626429093798, 24, 19, 20, 23, 5, 12]
Fitness: 2 Params: [2.0878669185456653, 1.701427431827824, 25, 5, 20, 21, 4, 7]
Fitness: 0 Params: [2.405314471676868, 1.3794862996827544, 13, 6, 14, 24, 5, 9]
Fitness: 0 Params: [1.8121153745983598, 2.645065873136745, 21, 12, 11, 21, 2, 5]
Fitness: 2 Params: [1.8121153745983598, 2.557559664770355, 11, 8, 16, 22, 7, 10]
Fitness: 2 Params: [1.7761781726169028, 2.4831404829394126, 21, 18, 28, 25, 5, 4]
Fitness: 2 Params: [1.4490607835141938, 2.0611702506539586, 12, 25, 23, 22, 8, 9]
Fitness: 0 Params: [2.0448337073182095, 2.4831404829394126, 11, 12, 19, 25, 2, 16]
Fitness: 0 Params: [1.8121153745983598, 2.3203776439619013, 15, 12, 12, 19, 2, 15]
Fitness: -2 Params: [1.5945405809540274, 2.645065873136745, 11, 8, 11, 22, 9, 13]
Fitness: 0 Params: [1.8121153745983598, 2.792450317406641, 11, 8, 12, 22, 2, 16]
Fitness: 2 Params: [1.9308783885777374, 2.947405665195529, 26, 14, 28, 22, 1, 0]
Fitness: 1 Params: [2.5378448007224614, 1.394517294716487, 17, 8, 22, 22, 4, 4]

Sumy wyników:
RandStart Gen0: 2
RandStart Gen29: 12
PrimarySelec Gen0: 6
PrimarySelec Gen29: 7