Fitness: 0.1930796939988116 Params: [2.6938569639431087, 1.2390470412124992, 29, 18, 18, 28, 0, 18]
Fitness: 0.20320440429136083 Params: [1.6035204992233523, 2.1691817805856513, 21, 17, 25, 25, 3, 16]
Fitness: 0.21313534278959811 Params: [2.6938569639431087, 1.2390470412124992, 10, 18, 18, 22, 0, 15]
Fitness: 0.22129618495024503 Params: [2.4757206550285473, 2.1774424846886324, 15, 9, 20, 25, 3, 5]
Fitness: 0.22226746830405367 Params: [2.6781264166785492, 2.0117582809407675, 17, 13, 14, 16, 4, 20]
Fitness: 0.22412644826437927 Params: [2.5148664405748784, 2.1774424846886324, 28, 9, 10, 13, 2, 10]
Fitness: 0.2276388888888889 Params: [1.3705774489817906, 2.5434732884598032, 14, 15, 15, 25, 1, 0]
Fitness: 0.23515641012502564 Params: [2.5148664405748784, 2.009676553365032, 10, 10, 10, 22, 2, 15]
Fitness: 0.2442020592020592 Params: [2.1757292689019296, 2.5214136110426457, 15, 9, 29, 28, 1, 11]
Fitness: 0.2510678311870458 Params: [1.6035204992233523, 2.1691817805856513, 28, 5, 29, 13, 10, 12]
Fitness: 0.2526558690351794 Params: [2.1757292689019296, 2.5214136110426457, 15, 9, 29, 28, 1, 11]
Fitness: 0.2589285714285714 Params: [1.194946330974152, 1.2523645782615245, 20, 16, 14, 30, 7, 10]
Fitness: 0.2613247863247863 Params: [2.2822179598641186, 1.2156091959262298, 21, 8, 29, 13, 1, 6]
Fitness: 0.26270604395604397 Params: [2.92507266811657, 1.7922712549785142, 28, 10, 14, 13, 2, 10]
Fitness: 0.2646653332762899 Params: [2.4757206550285473, 2.1774424846886324, 20, 9, 20, 25, 3, 18]
Fitness: 0.27428116995786167 Params: [2.1208460053069134, 2.88169367237323, 17, 25, 21, 27, 5, 0]
Fitness: 0.2751192329552475 Params: [2.1208460053069134, 2.88169367237323, 15, 9, 29, 27, 1, 6]
Fitness: 0.27664576802507834 Params: [2.92507266811657, 1.7922712549785142, 28, 10, 10, 25, 2, 10]
Fitness: 0.2774009065991988 Params: [1.6035204992233523, 1.1158446926373287, 21, 17, 17, 18, 3, 0]
Fitness: 0.28340062804009675 Params: [1.194946330974152, 1.2523645782615245, 23, 16, 25, 30, 7, 4]
Fitness: 0.2839285714285714 Params: [2.1757292689019296, 2.5214136110426457, 15, 9, 29, 28, 1, 6]
Fitness: 0.28396184560780835 Params: [2.1757292689019296, 1.2156091959262298, 15, 9, 29, 28, 1, 6]
Fitness: 0.2858455882352941 Params: [1.7882712821646762, 2.0117582809407675, 20, 8, 14, 12, 7, 10]
Fitness: 0.2875 Params: [2.3955049143181237, 2.231580693878958, 27, 12, 23, 15, 8, 13]
Fitness: 0.2877851252944956 Params: [2.4192468288220867, 1.2256232494924586, 23, 14, 13, 15, 4, 19]
Fitness: 0.2881340579710145 Params: [2.2822179598641186, 1.2156091959262298, 15, 8, 15, 25, 3, 18]
Fitness: 0.2917944541554108 Params: [2.5148664405748784, 2.1774424846886324, 15, 9, 10, 25, 3, 18]
Fitness: 0.29649209543304533 Params: [1.8900508159032408, 1.609113990592681, 15, 17, 23, 15, 7, 3]
Fitness: 0.2981913223554561 Params: [2.9602564038638137, 1.2156091959262298, 18, 5, 29, 13, 3, 0]
Fitness: 0.3003246753246753 Params: [1.7395667241449337, 2.8258083425830893, 24, 5, 29, 13, 9, 6]
Fitness: 0.30241113053613056 Params: [2.2822179598641186, 1.2156091959262298, 15, 9, 15, 25, 3, 18]
Fitness: 0.30337301587301585 Params: [1.8900508159032408, 2.88169367237323, 15, 17, 21, 27, 5, 3]
Fitness: 0.30887177292825563 Params: [1.130947418488124, 1.1158446926373287, 21, 17, 25, 20, 4, 16]
Fitness: 0.31114945978391356 Params: [2.1757292689019296, 2.5214136110426457, 15, 9, 29, 28, 1, 11]
Fitness: 0.3112187812187812 Params: [1.3897273536393584, 1.376342878234519, 25, 10, 20, 28, 0, 6]
Fitness: 0.3131072041941607 Params: [2.1757292689019296, 2.88169367237323, 17, 9, 21, 27, 1, 0]
Fitness: 0.3156590031590032 Params: [2.6938569639431087, 2.1774424846886324, 15, 9, 15, 25, 3, 18]
Fitness: 0.31857638888888884 Params: [2.5148664405748784, 1.2390470412124992, 10, 10, 10, 28, 2, 15]
Fitness: 0.32883918617614266 Params: [2.1757292689019296, 2.5214136110426457, 15, 9, 29, 28, 1, 11]
Fitness: 0.3289010496671787 Params: [2.6938569639431087, 2.009676553365032, 10, 10, 15, 22, 3, 18]