Fitness: 0.17394179894179895 Params: [2.5148664405748784, 2.009676553365032, 10, 10, 10, 22, 2, 15]
Fitness: 0.17714285714285716 Params: [1.6035204992233523, 1.1158446926373287, 21, 17, 17, 18, 3, 0]
Fitness: 0.18016297428062134 Params: [2.2822179598641186, 1.2156091959262298, 15, 9, 15, 25, 3, 18]
Fitness: 0.18419191919191918 Params: [1.194946330974152, 1.2523645782615245, 23, 16, 25, 30, 7, 4]
Fitness: 0.1932247899159664 Params: [2.5148664405748784, 1.2390470412124992, 10, 10, 10, 28, 2, 15]
Fitness: 0.2050875603864734 Params: [2.4192468288220867, 1.2256232494924586, 23, 14, 13, 15, 4, 19]
Fitness: 0.2304292929292929 Params: [2.2822179598641186, 1.2156091959262298, 15, 8, 15, 25, 3, 18]
Fitness: 0.23356771919184263 Params: [1.8900508159032408, 1.609113990592681, 15, 17, 23, 15, 7, 3]
Fitness: 0.2365873015873016 Params: [1.8900508159032408, 2.88169367237323, 15, 17, 21, 27, 5, 3]
Fitness: 0.23676108374384236 Params: [2.9602564038638137, 1.2156091959262298, 18, 5, 29, 13, 3, 0]
Fitness: 0.23884359903381644 Params: [1.3705774489817906, 2.5434732884598032, 14, 15, 15, 25, 1, 0]
Fitness: 0.24116004962779158 Params: [2.1757292689019296, 2.5214136110426457, 15, 9, 29, 28, 1, 11]
Fitness: 0.2523586374392826 Params: [2.92507266811657, 1.7922712549785142, 28, 10, 14, 13, 2, 10]
Fitness: 0.25428949357520786 Params: [2.1208460053069134, 2.88169367237323, 17, 25, 21, 27, 5, 0]
Fitness: 0.2586285804466188 Params: [1.130947418488124, 1.1158446926373287, 21, 17, 25, 20, 4, 16]
Fitness: 0.2669647031323048 Params: [2.1757292689019296, 1.2156091959262298, 15, 9, 29, 28, 1, 6]
Fitness: 0.2687556306306306 Params: [2.6938569639431087, 1.2390470412124992, 10, 18, 18, 22, 0, 15]
Fitness: 0.273617370645984 Params: [2.4757206550285473, 2.1774424846886324, 20, 9, 20, 25, 3, 18]
Fitness: 0.27981411862990807 Params: [1.7395667241449337, 2.8258083425830893, 24, 5, 29, 13, 9, 6]
Fitness: 0.28268470659775 Params: [2.1757292689019296, 2.5214136110426457, 15, 9, 29, 28, 1, 11]
Fitness: 0.28736605207193444 Params: [2.1757292689019296, 2.5214136110426457, 15, 9, 29, 28, 1, 6]
Fitness: 0.28926879084967316 Params: [2.2822179598641186, 1.2156091959262298, 21, 8, 29, 13, 1, 6]
Fitness: 0.291844666798595 Params: [1.194946330974152, 1.2523645782615245, 20, 16, 14, 30, 7, 10]
Fitness: 0.29628356777493603 Params: [1.6035204992233523, 2.1691817805856513, 21, 17, 25, 25, 3, 16]
Fitness: 0.29711884753901563 Params: [2.6938569639431087, 2.1774424846886324, 15, 9, 15, 25, 3, 18]
Fitness: 0.3008458646616541 Params: [2.6938569639431087, 2.009676553365032, 10, 10, 15, 22, 3, 18]
Fitness: 0.30116495970154505 Params: [2.5148664405748784, 2.1774424846886324, 15, 9, 10, 25, 3, 18]
Fitness: 0.3044852941176471 Params: [1.6035204992233523, 2.1691817805856513, 28, 5, 29, 13, 10, 12]
Fitness: 0.3058035714285714 Params: [2.6781264166785492, 2.0117582809407675, 17, 13, 14, 16, 4, 20]
Fitness: 0.30618961352657004 Params: [2.1757292689019296, 2.88169367237323, 17, 9, 21, 27, 1, 0]
Fitness: 0.30953006728343146 Params: [1.7882712821646762, 2.0117582809407675, 20, 8, 14, 12, 7, 10]
Fitness: 0.31442374051069705 Params: [2.1757292689019296, 2.5214136110426457, 15, 9, 29, 28, 1, 11]
Fitness: 0.3146159874608151 Params: [2.1208460053069134, 2.88169367237323, 15, 9, 29, 27, 1, 6]
Fitness: 0.31828703703703703 Params: [2.6938569639431087, 1.2390470412124992, 29, 18, 18, 28, 0, 18]
Fitness: 0.3381471557339797 Params: [2.5148664405748784, 2.1774424846886324, 28, 9, 10, 13, 2, 10]
Fitness: 0.3385467479674797 Params: [2.1757292689019296, 2.5214136110426457, 15, 9, 29, 28, 1, 11]
Fitness: 0.34019240379810095 Params: [2.92507266811657, 1.7922712549785142, 28, 10, 10, 25, 2, 10]
Fitness: 0.3467054206740168 Params: [1.3897273536393584, 1.376342878234519, 25, 10, 20, 28, 0, 6]
Fitness: 0.3657852564102564 Params: [2.3955049143181237, 2.231580693878958, 27, 12, 23, 15, 8, 13]
Fitness: 0.3694368552018509 Params: [2.4757206550285473, 2.1774424846886324, 15, 9, 20, 25, 3, 5]
