Fitness: 0.1710858585858586 Params: [2.5378448007224614, 1.394517294716487, 17, 8, 22, 13, 4, 8]
Fitness: 0.1971821581196581 Params: [1.8121153745983598, 2.792450317406641, 11, 8, 13, 22, 3, 16]
Fitness: 0.19981138463026551 Params: [1.8121153745983598, 2.792450317406641, 11, 12, 12, 22, 5, 16]
Fitness: 0.22168803418803418 Params: [1.8121153745983598, 2.645065873136745, 21, 12, 11, 14, 2, 5]
Fitness: 0.2236280487804878 Params: [2.0448337073182095, 2.645065873136745, 21, 8, 11, 25, 9, 13]
Fitness: 0.22440984940984943 Params: [1.5945405809540274, 2.645065873136745, 11, 8, 11, 22, 9, 13]
Fitness: 0.23220720720720722 Params: [1.8121153745983598, 2.557559664770355, 11, 15, 13, 22, 3, 10]
Fitness: 0.23766722408026758 Params: [2.4480381648386054, 2.1193233349981817, 25, 11, 12, 19, 0, 15]
Fitness: 0.23990683229813664 Params: [2.0448337073182095, 2.3203776439619013, 24, 15, 16, 25, 0, 5]
Fitness: 0.24839387665474622 Params: [1.8121153745983598, 2.792450317406641, 11, 12, 12, 22, 2, 16]
Fitness: 0.25001231830500126 Params: [2.5378448007224614, 2.792450317406641, 11, 8, 22, 22, 3, 4]
Fitness: 0.25093684025334273 Params: [2.0448337073182095, 2.557559664770355, 24, 15, 16, 25, 7, 10]
Fitness: 0.257996632996633 Params: [1.6024353922767636, 2.645065873136745, 21, 8, 13, 19, 0, 15]
Fitness: 0.25823605117722764 Params: [1.6024353922767636, 2.3203776439619013, 21, 12, 12, 25, 0, 15]
Fitness: 0.2591575091575091 Params: [1.5945405809540274, 2.792450317406641, 11, 8, 13, 22, 3, 4]
Fitness: 0.2620967741935484 Params: [1.8073397324346394, 1.9270321937522774, 12, 15, 23, 19, 1, 3]
Fitness: 0.2641922849296121 Params: [2.520664755027001, 1.800747874391455, 24, 15, 10, 22, 0, 8]
Fitness: 0.267816091954023 Params: [2.8219253466478555, 2.7061347210864053, 24, 8, 28, 23, 2, 11]
Fitness: 0.2707963573360379 Params: [2.8938203146082433, 1.370321280999137, 24, 7, 21, 13, 4, 17]
Fitness: 0.27267857142857144 Params: [1.4827664547661006, 2.645065873136745, 21, 8, 11, 14, 9, 13]
Fitness: 0.2730774127832951 Params: [2.9611323703075367, 2.847556528269707, 24, 16, 18, 26, 10, 4]
Fitness: 0.27614062866525924 Params: [1.5945405809540274, 2.645065873136745, 11, 8, 11, 22, 9, 13]
Fitness: 0.2774390243902439 Params: [1.7761781726169028, 1.394517294716487, 17, 8, 22, 13, 5, 4]
Fitness: 0.27803030303030307 Params: [2.0448337073182095, 2.645065873136745, 21, 8, 12, 19, 9, 15]
Fitness: 0.27909334023464455 Params: [1.6024353922767636, 2.645065873136745, 21, 8, 13, 19, 0, 15]
Fitness: 0.280425219941349 Params: [1.6024353922767636, 2.3203776439619013, 15, 15, 13, 19, 0, 15]
Fitness: 0.2806547619047619 Params: [1.7761781726169028, 2.4831404829394126, 24, 15, 16, 25, 7, 4]
Fitness: 0.2827183922349428 Params: [2.8235084590637722, 1.409648340098881, 19, 25, 22, 10, 5, 6]
Fitness: 0.28462301587301586 Params: [2.0448337073182095, 2.4831404829394126, 24, 15, 19, 25, 5, 8]
Fitness: 0.2886038011695906 Params: [2.5378448007224614, 1.394517294716487, 17, 18, 22, 25, 4, 17]
Fitness: 0.29451159951159955 Params: [1.8121153745983598, 2.645065873136745, 21, 12, 11, 21, 2, 5]
Fitness: 0.2974517374517375 Params: [1.8121153745983598, 2.557559664770355, 11, 8, 16, 22, 7, 10]
Fitness: 0.302443572604863 Params: [1.7761781726169028, 2.4831404829394126, 21, 18, 28, 25, 5, 4]
Fitness: 0.3139715975081829 Params: [1.4490607835141938, 2.0611702506539586, 12, 25, 23, 22, 8, 9]
Fitness: 0.3145913170021829 Params: [2.0448337073182095, 2.4831404829394126, 11, 12, 19, 25, 2, 16]
Fitness: 0.3162946428571428 Params: [1.8121153745983598, 2.3203776439619013, 15, 12, 12, 19, 2, 15]
Fitness: 0.32830265793319985 Params: [1.5945405809540274, 2.645065873136745, 11, 8, 11, 22, 9, 13]
Fitness: 0.32918247681178714 Params: [1.8121153745983598, 2.792450317406641, 11, 8, 12, 22, 2, 16]
Fitness: 0.3512589160455014 Params: [1.9308783885777374, 2.947405665195529, 26, 14, 28, 22, 1, 0]
Fitness: 0.3806303418803419 Params: [2.5378448007224614, 1.394517294716487, 17, 8, 22, 22, 4, 4]