Fitness: 0.16498346586130438 Params: [2.9536414685215826, 2.4252256981753963, 21, 20, 26, 28, 1, 16]
Fitness: 0.1840277777777778 Params: [2.9938936387982658, 2.2527959737687158, 26, 16, 27, 21, 10, 13]
Fitness: 0.19580026455026456 Params: [2.0533891622682767, 1.5810725843721685, 12, 24, 21, 24, 1, 13]
Fitness: 0.20555621914317568 Params: [2.856926541013748, 1.1983190159781156, 11, 15, 24, 17, 8, 12]
Fitness: 0.2095386437076712 Params: [2.3411853239667035, 1.1385060922729369, 16, 25, 14, 11, 7, 1]
Fitness: 0.21062271062271065 Params: [1.326296039403403, 2.1305204631897956, 19, 8, 12, 20, 1, 18]
Fitness: 0.21550853361198188 Params: [1.2399516090058766, 1.878092369714864, 18, 13, 16, 11, 2, 9]
Fitness: 0.22503048780487805 Params: [1.5917249573691064, 1.3377818343476067, 10, 17, 19, 26, 3, 15]
Fitness: 0.2263138301629155 Params: [1.2992837477007673, 1.2253385623108362, 16, 13, 24, 14, 7, 15]
Fitness: 0.22671568627450978 Params: [2.4255746519396872, 1.482504778058336, 30, 23, 11, 13, 0, 14]
Fitness: 0.2276315789473684 Params: [1.4447269782653362, 1.8958222887163125, 11, 8, 11, 25, 6, 3]
Fitness: 0.2314993564993565 Params: [1.0211449948478333, 1.3194309211548323, 14, 9, 23, 25, 3, 5]
Fitness: 0.23233308559395516 Params: [2.9774895618427566, 1.3898902825014956, 10, 7, 27, 11, 8, 9]
Fitness: 0.2392814294988208 Params: [1.7717112343939683, 1.1046280535892214, 11, 18, 16, 13, 8, 17]
Fitness: 0.24122235872235873 Params: [2.4456215383418187, 1.9583248913197908, 28, 19, 22, 15, 7, 11]
Fitness: 0.2424090038314176 Params: [2.232832657002823, 1.2981436056478775, 21, 11, 26, 23, 0, 11]
Fitness: 0.24526996237522553 Params: [1.5438571834562933, 1.779699810434805, 10, 21, 21, 22, 0, 17]
Fitness: 0.24693446797105334 Params: [2.618712636408584, 2.8986783139950556, 22, 22, 23, 19, 7, 13]
Fitness: 0.24794407894736842 Params: [1.3967065913541443, 2.974883223621948, 24, 20, 15, 15, 6, 2]
Fitness: 0.2514516129032258 Params: [2.700141416671417, 1.555124264245158, 21, 7, 20, 16, 7, 11]
Fitness: 0.25784536736149644 Params: [1.5945405809540274, 2.792450317406641, 11, 8, 13, 22, 3, 4]
Fitness: 0.2585328936914032 Params: [1.4827664547661006, 2.645065873136745, 21, 8, 11, 14, 9, 13]
Fitness: 0.25911713551119175 Params: [2.5477166209187097, 1.2705223984482532, 20, 16, 14, 28, 0, 19]
Fitness: 0.2623809523809524 Params: [2.946139672915817, 2.9551741630647888, 20, 5, 13, 13, 0, 1]
Fitness: 0.26358695652173914 Params: [1.8778232082871145, 1.0267325676083894, 23, 8, 20, 29, 8, 4]
Fitness: 0.26541855203619913 Params: [2.8235084590637722, 1.409648340098881, 19, 25, 22, 10, 5, 6]
Fitness: 0.267055692055692 Params: [2.3699843366646416, 1.0807852546225294, 29, 11, 14, 23, 2, 18]
Fitness: 0.2673514874353289 Params: [1.4490607835141938, 2.0611702506539586, 12, 25, 23, 22, 8, 9]
Fitness: 0.2682035510128816 Params: [1.8073397324346394, 1.9270321937522774, 12, 15, 23, 19, 1, 3]
Fitness: 0.2699792960662526 Params: [2.0448337073182095, 2.1193233349981817, 29, 8, 19, 13, 8, 5]
Fitness: 0.2702510760401722 Params: [2.669300096735772, 2.729580238452563, 30, 19, 15, 20, 0, 6]
Fitness: 0.27390086469370356 Params: [1.9308783885777374, 2.947405665195529, 26, 14, 28, 22, 1, 0]
Fitness: 0.2755860805860806 Params: [2.1412775639108723, 1.8027491864361347, 19, 6, 20, 10, 2, 3]
Fitness: 0.2757552483358935 Params: [2.8938203146082433, 1.370321280999137, 26, 7, 21, 28, 1, 18]
Fitness: 0.27616728509585653 Params: [2.757912223085785, 2.765802982071121, 18, 20, 24, 24, 2, 16]
Fitness: 0.277473084724606 Params: [2.520664755027001, 1.800747874391455, 24, 15, 10, 22, 0, 8]
Fitness: 0.2787888198757764 Params: [2.1238204768831155, 2.8067267932980773, 22, 21, 27, 24, 2, 7]
Fitness: 0.2792467948717949 Params: [2.4480381648386054, 2.34308233793653, 25, 11, 21, 12, 8, 20]
Fitness: 0.2833333333333333 Params: [2.8219253466478555, 2.7061347210864053, 24, 8, 28, 23, 2, 11]
Fitness: 0.28466475153111104 Params: [1.3876146696645593, 1.0380364612732058, 22, 22, 15, 25, 4, 4]
Fitness: 0.28633699633699633 Params: [2.5178861364575367, 2.7288331966983925, 26, 16, 25, 20, 1, 18]
Fitness: 0.2922153277756726 Params: [1.1027540200057449, 1.7333440408992262, 12, 23, 26, 27, 5, 6]
Fitness: 0.29376506314470263 Params: [2.903712252747275, 1.173354752710171, 30, 22, 14, 21, 3, 4]
Fitness: 0.29516806722689076 Params: [1.8478840735372986, 1.2983794105508073, 24, 18, 30, 14, 9, 8]
Fitness: 0.2974619020118566 Params: [1.2500978649557324, 2.1704411514789976, 13, 14, 24, 29, 0, 0]
Fitness: 0.2982453319038685 Params: [1.9069467056379497, 2.5800034732202364, 22, 5, 27, 16, 4, 13]
Fitness: 0.2984625668449198 Params: [1.860953972599024, 2.546775012550797, 13, 14, 10, 20, 5, 18]
Fitness: 0.2987945331695332 Params: [2.5378448007224614, 1.394517294716487, 17, 18, 22, 25, 4, 17]
Fitness: 0.2989877220480669 Params: [2.9611323703075367, 2.847556528269707, 24, 16, 18, 26, 10, 4]
Fitness: 0.2998532953589724 Params: [2.362506147767024, 1.560786850269404, 19, 9, 21, 18, 1, 8]
Fitness: 0.301142597801584 Params: [1.0684711806459297, 2.557559664770355, 24, 15, 16, 18, 7, 10]
Fitness: 0.30231227106227104 Params: [1.643348473130028, 2.7494423699506423, 29, 6, 18, 12, 5, 15]
Fitness: 0.3058016121809225 Params: [1.2666479097416496, 1.7215641532642478, 10, 12, 26, 13, 0, 6]
Fitness: 0.30583024118738406 Params: [1.8121153745983598, 1.0836203041834747, 21, 12, 12, 21, 2, 16]
Fitness: 0.30925983772283583 Params: [1.7761781726169028, 2.4831404829394126, 21, 18, 28, 25, 5, 4]
Fitness: 0.3113018433179724 Params: [1.6024353922767636, 2.3203776439619013, 15, 15, 13, 19, 0, 15]
Fitness: 0.31940459110473457 Params: [1.8555436513714947, 1.0803478662357626, 11, 15, 20, 15, 10, 4]
Fitness: 0.3321928771508603 Params: [1.941559876069037, 2.241626429093798, 24, 19, 20, 23, 5, 12]
Fitness: 0.3364324095022625 Params: [2.0878669185456653, 1.701427431827824, 25, 5, 20, 21, 4, 7]
Fitness: 0.3509575534759358 Params: [2.405314471676868, 1.3794862996827544, 13, 6, 14, 24, 5, 9]