Fitness: 0.17595350052246606 Params: [1.9099465207990043, 2.4751132098857633, 30, 24, 24, 15, 9, 11]
Fitness: 0.21178570696826277 Params: [2.6781264166785492, 2.0117582809407675, 20, 8, 10, 16, 4, 20]
Fitness: 0.21544715447154472 Params: [1.194946330974152, 1.2523645782615245, 23, 16, 25, 30, 7, 4]
Fitness: 0.22478146853146855 Params: [1.3910450204659872, 2.756575725534005, 29, 18, 15, 28, 0, 18]
Fitness: 0.23029386888082543 Params: [1.130947418488124, 1.1158446926373287, 21, 17, 25, 20, 4, 16]
Fitness: 0.23659628378378378 Params: [2.890825719490506, 1.6089881564835005, 25, 25, 29, 16, 10, 6]
Fitness: 0.24413281753707286 Params: [1.6035204992233523, 2.1026023526316537, 28, 5, 17, 18, 10, 12]
Fitness: 0.24416666666666667 Params: [1.6317665638059409, 1.7544512453459535, 23, 5, 21, 30, 0, 1]
Fitness: 0.24786324786324784 Params: [1.8900508159032408, 1.609113990592681, 23, 8, 23, 15, 7, 6]
Fitness: 0.24851325145442793 Params: [2.5148664405748784, 2.009676553365032, 10, 10, 10, 22, 2, 15]
Fitness: 0.25 Params: [1.7395667241449337, 2.8258083425830893, 24, 5, 28, 15, 9, 7]
Fitness: 0.25142045454545453 Params: [2.92507266811657, 1.7922712549785142, 28, 10, 14, 13, 2, 10]
Fitness: 0.25252932801292766 Params: [2.7666797646538486, 1.574528513764938, 10, 16, 27, 12, 3, 9]
Fitness: 0.2527090592334495 Params: [1.7882712821646762, 1.5421775499231793, 17, 13, 14, 12, 7, 10]
Fitness: 0.25338421658986177 Params: [1.8587316435129677, 2.32694363690672, 15, 25, 28, 19, 0, 8]
Fitness: 0.2557738095238095 Params: [2.5464672708381677, 1.6995618065406033, 11, 22, 21, 12, 5, 17]
Fitness: 0.25846153846153846 Params: [1.3897273536393584, 1.376342878234519, 25, 10, 20, 28, 0, 6]
Fitness: 0.25933007964257965 Params: [1.3705774489817906, 2.4418270131584787, 14, 24, 19, 25, 1, 0]
Fitness: 0.2607596371882086 Params: [2.4192468288220867, 1.2256232494924586, 23, 14, 13, 15, 4, 19]
Fitness: 0.26267857142857143 Params: [1.9221377531237822, 2.5134745213432583, 12, 16, 29, 15, 2, 15]
Fitness: 0.2627565681444992 Params: [2.3955049143181237, 2.231580693878958, 27, 12, 23, 15, 8, 13]
Fitness: 0.26282141771272205 Params: [1.0303327162922895, 2.88169367237323, 17, 15, 15, 21, 4, 0]
Fitness: 0.263143719026072 Params: [2.2822179598641186, 2.1691817805856513, 21, 5, 29, 13, 3, 0]
Fitness: 0.2717459324155194 Params: [1.5634223510060752, 2.198126674251421, 12, 20, 10, 12, 5, 18]
Fitness: 0.2733741258741259 Params: [2.1208460053069134, 2.5434732884598032, 16, 25, 21, 27, 5, 0]
Fitness: 0.27343984693512624 Params: [2.095030045259392, 1.1365895564627762, 17, 12, 11, 11, 1, 19]
Fitness: 0.27554347826086956 Params: [2.648753045614217, 2.428539718667002, 29, 12, 23, 13, 10, 10]
Fitness: 0.2768452380952381 Params: [2.1875146206755396, 2.7691823369618085, 29, 8, 28, 11, 4, 7]
Fitness: 0.27767857142857144 Params: [2.4757206550285473, 2.1774424846886324, 15, 9, 20, 25, 3, 5]
Fitness: 0.279187675070028 Params: [2.6781264166785492, 2.0117582809407675, 20, 8, 10, 16, 4, 20]
Fitness: 0.28077942735949096 Params: [1.2013474506669508, 1.599864285241207, 20, 25, 23, 16, 1, 17]
Fitness: 0.2847783251231527 Params: [2.6781264166785492, 2.0117582809407675, 20, 8, 10, 16, 4, 20]
Fitness: 0.291888706702193 Params: [2.3404603955713403, 2.0773916973201993, 21, 25, 10, 16, 10, 3]
Fitness: 0.2934362145850152 Params: [1.6450858313511867, 1.4787405499292925, 13, 7, 27, 24, 9, 4]
Fitness: 0.2990966386554622 Params: [2.3733270198818968, 1.4436911762026536, 21, 11, 27, 16, 1, 10]
Fitness: 0.30648954703832754 Params: [1.5764633141395734, 1.0182318103119543, 11, 14, 20, 15, 8, 2]
Fitness: 0.3187525504598675 Params: [2.1757292689019296, 2.5214136110426457, 15, 9, 29, 28, 1, 11]
Fitness: 0.32600961538461537 Params: [2.654910880975386, 2.2240423652113477, 15, 25, 26, 15, 9, 16]
Fitness: 0.33410755910755907 Params: [2.9602564038638137, 1.2156091959262298, 18, 8, 27, 18, 1, 6]
Fitness: 0.35977460977460973 Params: [2.6938569639431087, 1.2390470412124992, 20, 17, 18, 28, 9, 3]
