Fitness: 0.19713438735177866 Params: [2.5178861364575367, 2.7288331966983925, 26, 16, 25, 20, 1, 18]
Fitness: 0.20965608465608465 Params: [2.3699843366646416, 1.0807852546225294, 29, 11, 14, 23, 2, 18]
Fitness: 0.21182692307692308 Params: [2.9611323703075367, 2.847556528269707, 24, 16, 18, 26, 10, 4]
Fitness: 0.21716564685314688 Params: [1.5945405809540274, 2.792450317406641, 11, 8, 13, 22, 3, 4]
Fitness: 0.2332352941176471 Params: [1.860953972599024, 2.546775012550797, 13, 14, 10, 20, 5, 18]
Fitness: 0.234766081871345 Params: [2.757912223085785, 2.765802982071121, 18, 20, 24, 24, 2, 16]
Fitness: 0.24156746031746032 Params: [1.941559876069037, 2.241626429093798, 24, 19, 20, 23, 5, 12]
Fitness: 0.24506704980842914 Params: [1.643348473130028, 2.7494423699506423, 29, 6, 18, 12, 5, 15]
Fitness: 0.25239234449760767 Params: [1.6024353922767636, 2.3203776439619013, 15, 15, 13, 19, 0, 15]
Fitness: 0.2543090681248576 Params: [1.7761781726169028, 2.4831404829394126, 24, 15, 28, 25, 5, 8]
Fitness: 0.2545205342902711 Params: [1.2500978649557324, 2.1704411514789976, 13, 14, 24, 29, 0, 0]
Fitness: 0.25761904761904764 Params: [2.0878669185456653, 1.701427431827824, 25, 5, 20, 21, 4, 7]
Fitness: 0.25771239629935283 Params: [1.9308783885777374, 2.947405665195529, 26, 14, 28, 22, 1, 0]
Fitness: 0.25857366771159873 Params: [1.7761781726169028, 2.4831404829394126, 24, 18, 28, 25, 0, 8]
Fitness: 0.26190476190476186 Params: [1.9069467056379497, 2.5800034732202364, 22, 5, 27, 16, 4, 13]
Fitness: 0.262040887040887 Params: [2.1238204768831155, 2.8067267932980773, 22, 21, 27, 24, 2, 7]
Fitness: 0.26325757575757575 Params: [2.520664755027001, 1.800747874391455, 24, 15, 10, 22, 0, 8]
Fitness: 0.26702386327294614 Params: [1.2666479097416496, 1.7215641532642478, 10, 12, 26, 13, 0, 6]
Fitness: 0.27344967532467535 Params: [1.4490607835141938, 2.0611702506539586, 12, 25, 23, 22, 8, 9]
Fitness: 0.27516025641025643 Params: [2.903712252747275, 1.173354752710171, 30, 22, 14, 21, 3, 4]
Fitness: 0.2803728529534981 Params: [2.669300096735772, 2.729580238452563, 30, 19, 15, 20, 0, 6]
Fitness: 0.28071290411715943 Params: [1.0684711806459297, 2.557559664770355, 24, 15, 16, 18, 7, 10]
Fitness: 0.28430424764576234 Params: [2.8219253466478555, 2.7061347210864053, 24, 8, 28, 23, 2, 11]
Fitness: 0.28614354395604397 Params: [2.0448337073182095, 2.1193233349981817, 29, 8, 19, 13, 8, 5]
Fitness: 0.29060128915958816 Params: [1.8073397324346394, 1.9270321937522774, 12, 15, 23, 19, 1, 3]
Fitness: 0.29187889077532536 Params: [1.8778232082871145, 1.0267325676083894, 23, 8, 20, 29, 8, 4]
Fitness: 0.29292929292929293 Params: [2.5477166209187097, 1.2705223984482532, 20, 16, 14, 28, 0, 19]
Fitness: 0.29733085161964473 Params: [1.8478840735372986, 1.2983794105508073, 24, 18, 30, 14, 9, 8]
Fitness: 0.29778263815246847 Params: [1.4827664547661006, 2.645065873136745, 21, 8, 11, 14, 9, 13]
Fitness: 0.298667730119343 Params: [2.8235084590637722, 1.409648340098881, 19, 25, 22, 10, 5, 6]
Fitness: 0.29900285671002225 Params: [2.946139672915817, 2.9551741630647888, 20, 5, 13, 13, 0, 1]
Fitness: 0.29912282279042446 Params: [1.8121153745983598, 1.0836203041834747, 21, 12, 12, 21, 2, 16]
Fitness: 0.30300324675324675 Params: [2.8938203146082433, 1.370321280999137, 26, 7, 21, 28, 1, 18]
Fitness: 0.30575723868271143 Params: [1.3876146696645593, 1.0380364612732058, 22, 22, 15, 25, 4, 4]
Fitness: 0.30922202797202797 Params: [2.5378448007224614, 1.394517294716487, 17, 18, 22, 25, 4, 17]
Fitness: 0.3154040404040404 Params: [2.405314471676868, 1.3794862996827544, 13, 6, 14, 24, 5, 9]
Fitness: 0.3210095101258894 Params: [2.4480381648386054, 2.34308233793653, 25, 11, 21, 12, 8, 20]
Fitness: 0.323015873015873 Params: [1.7761781726169028, 2.4831404829394126, 21, 18, 28, 25, 5, 4]
Fitness: 0.33289964866051824 Params: [2.362506147767024, 1.560786850269404, 19, 9, 21, 18, 1, 8]
Fitness: 0.3342533598805376 Params: [1.8555436513714947, 1.0803478662357626, 11, 15, 20, 15, 10, 4]