Fitness: 0.14791666666666667 Params: [11, 21, 20, 25, 6, 12]
Fitness: 0.16198073073073072 Params: [30, 13, 27, 16, 3, 2]
Fitness: 0.18876262626262624 Params: [22, 12, 29, 18, 4, 2]
Fitness: 0.19316620879120877 Params: [28, 18, 26, 8, 5, 12]
Fitness: 0.1933653846153846 Params: [12, 26, 7, 26, 10, 4]
Fitness: 0.19610963748894783 Params: [5, 24, 28, 6, 7, 1]
Fitness: 0.20584935897435896 Params: [13, 23, 17, 6, 10, 6]
Fitness: 0.22509911141490088 Params: [16, 13, 12, 6, 2, 20]
Fitness: 0.22559523809523807 Params: [16, 12, 7, 8, 0, 18]
Fitness: 0.2274718196457327 Params: [27, 5, 22, 19, 4, 16]
Fitness: 0.22953454591385627 Params: [5, 27, 6, 12, 4, 12]
Fitness: 0.23520995912300258 Params: [23, 18, 17, 27, 4, 9]
Fitness: 0.23780261857707508 Params: [9, 19, 13, 20, 3, 5]
Fitness: 0.23837620414019267 Params: [11, 6, 21, 27, 5, 10]
Fitness: 0.23856780888030887 Params: [16, 15, 28, 19, 6, 14]
Fitness: 0.24087445849597255 Params: [21, 19, 20, 27, 0, 5]
Fitness: 0.241958041958042 Params: [12, 14, 10, 25, 5, 15]
Fitness: 0.24612787866644809 Params: [19, 14, 28, 11, 10, 13]
Fitness: 0.24788961038961038 Params: [8, 30, 10, 17, 1, 20]
Fitness: 0.24971590909090907 Params: [24, 12, 8, 21, 10, 12]
Fitness: 0.2555237590531708 Params: [23, 24, 8, 28, 8, 5]
Fitness: 0.2565052700922266 Params: [22, 12, 17, 13, 3, 6]
Fitness: 0.25822010869565215 Params: [26, 18, 9, 21, 5, 10]
Fitness: 0.25956512999195924 Params: [24, 10, 20, 17, 0, 6]
Fitness: 0.2617016806722689 Params: [18, 17, 17, 30, 0, 10]
Fitness: 0.26236024844720496 Params: [8, 20, 27, 6, 9, 17]
Fitness: 0.2640417856881272 Params: [27, 26, 9, 17, 6, 13]
Fitness: 0.2659675229952591 Params: [11, 7, 26, 9, 5, 17]
Fitness: 0.27008587741748896 Params: [10, 7, 5, 8, 1, 5]
Fitness: 0.2724542124542125 Params: [17, 7, 20, 13, 10, 10]
Fitness: 0.27642857142857147 Params: [25, 12, 28, 24, 3, 11]
Fitness: 0.27879767291532 Params: [30, 7, 7, 26, 4, 8]
Fitness: 0.2832510977672268 Params: [24, 8, 7, 5, 10, 15]
Fitness: 0.2845267417311752 Params: [16, 29, 26, 13, 2, 11]
Fitness: 0.2848109243697479 Params: [17, 10, 21, 24, 2, 19]
Fitness: 0.28498379500683646 Params: [5, 11, 5, 21, 7, 10]
Fitness: 0.287987012987013 Params: [17, 10, 23, 23, 3, 6]
Fitness: 0.2898527298850575 Params: [12, 10, 14, 15, 10, 10]
Fitness: 0.29170531849103276 Params: [22, 5, 23, 19, 5, 11]
Fitness: 0.29230769230769227 Params: [17, 24, 12, 23, 4, 15]
Fitness: 0.29463235294117646 Params: [12, 11, 22, 20, 8, 4]
Fitness: 0.2976148957606758 Params: [11, 30, 22, 6, 10, 14]
Fitness: 0.29979031385281385 Params: [22, 17, 16, 11, 0, 15]
Fitness: 0.3003387533875339 Params: [6, 7, 25, 18, 8, 5]
Fitness: 0.30291169803698603 Params: [22, 13, 10, 18, 6, 14]
Fitness: 0.30479858854767145 Params: [17, 26, 30, 26, 10, 13]
Fitness: 0.305290758683182 Params: [27, 29, 22, 14, 3, 13]
Fitness: 0.3071524064171123 Params: [25, 18, 13, 6, 2, 3]
Fitness: 0.31131628787878785 Params: [21, 13, 5, 26, 1, 7]
Fitness: 0.31324664011946246 Params: [19, 11, 29, 18, 10, 2]
Fitness: 0.31568302996874426 Params: [22, 16, 24, 6, 8, 1]
Fitness: 0.3165939954733058 Params: [6, 24, 30, 5, 1, 0]
Fitness: 0.3247596153846154 Params: [25, 10, 6, 5, 6, 2]
Fitness: 0.3302826907790143 Params: [23, 6, 7, 11, 2, 19]
Fitness: 0.33195638245066655 Params: [8, 8, 30, 19, 10, 19]
Fitness: 0.33651061776061775 Params: [30, 13, 27, 6, 10, 1]
Fitness: 0.3438217338217338 Params: [14, 21, 20, 5, 5, 1]
Fitness: 0.34530390780390785 Params: [7, 6, 29, 30, 6, 10]
Fitness: 0.3570532728141424 Params: [24, 8, 28, 9, 8, 0]
Fitness: 0.35982015669515666 Params: [18, 9, 13, 25, 4, 12]